1 4 126
2 5 175
3 1 13
4 2 58
5 4 33
6 4 94
7 6 195
8 5 145
9 8 286
10 2 42
11 3 96
12 4 113
13 5 132
14 7 348
15 5 133
16 5 129
17 4 130
18 5 114
19 2 50
20 5 149
21 2 50
22 3 76
23 4 118
24 8 253
25 7 358
26 2 52
27 5 126
28 7 136
29 7 227
30 4 100
31 2 28
32 6 166
33 6 255
34 5 166
35 3 140
36 2 132
37 3 144
38 3 71
39 7 145
40 4 138
41 2 61
42 6 245
43 4 130
44 7 268
45 4 141
46 2 76
47 5 186
48 5 104
49 6 368
50 5 132
51 8 189
52 7 157
53 10 190
54 4 192
55 3 120
56 6 187
57 5 142
58 5 150
59 8 205
60 3 119
61 4 112
62 7 262
63 3 117
64 12 129
65 5 71
66 10 146
67 2 74
68 3 101
69 3 114
70 9 185
71 4 68
72 7 229
73 4 316
74 3 67
75 3 102
76 4 175
77 9 326
78 5 183
79 7 147
80 12 257
81 3 101
82 10 277
83 6 287
84 7 156
85 10 259
86 3 96
87 2 104
88 4 131
89 7 409
90 3 93
91 4 143
92 6 178
93 1 78
94 6 444
95 4 102
96 10 245
97 12 214
98 2 58
99 10 284
100 5 221
101 8 303
102 3 70
103 3 113
104 5 106
105 3 151
106 2 58
107 4 80
108 4 101
109 5 158
110 8 320
111 3 90
112 5 131
113 4 102
114 11 180
115 6 187
116 5 147
117 3 123
118 7 130
119 2 61
120 3 90
121 4 124
122 7 199
123 6 217
124 5 195
125 8 187
126 3 109
127 4 118
128 6 141
129 11 228
130 4 83
131 8 341
132 10 322
133 10 199
134 4 186
135 6 175
136 7 76
137 2 37
138 5 223
139 5 130
140 7 344
141 3 76
142 3 94
143 2 57
144 6 131
145 4 123
146 9 224
147 5 144
148 5 133
149 9 257
150 4 159
151 10 283
152 4 177
153 3 46
154 2 68
155 5 253
156 9 258
157 6 233
158 9 127
159 2 94
160 9 349
161 1 40
162 5 186
163 9 351
164 8 277
165 9 351
166 5 182
167 4 117
168 5 234
169 4 118
170 9 237
171 5 147
172 5 211
173 11 275
174 12 244
175 2 61
176 7 97
177 9 205
178 2 60
179 7 243
180 3 51
181 1 39
182 4 102
183 5 138
184 3 137
185 7 276
186 5 177
187 9 244
188 7 214
189 11 312
190 8 157
191 5 193
192 7 192
193 11 372
194 3 53
195 7 151
196 4 164
197 7 232
198 9 254
199 15 332
200 4 91
201 5 172
202 9 293
203 2 52
204 5 153
205 7 219
206 7 262
207 5 193
208 4 101
209 6 217
210 11 323
211 7 187
212 6 326
213 6 242
214 4 128
215 4 60
216 8 257
217 4 111
218 7 231
219 5 202
220 3 137
221 8 148
222 7 180
223 1 32
224 3 53
225 14 343
226 2 60
227 5 138
228 3 101
229 8 194
230 7 200
231 3 85
232 11 202
233 4 100
234 9 281
235 5 130
236 5 158
237 3 130
238 1 14
239 7 149
240 10 222
241 1 59
242 3 53
243 4 95
244 18 458
245 8 144
246 7 122
247 6 152
248 2 96
249 4 137
250 3 42
251 2 82
252 7 221
253 4 146
254 2 46
255 5 191
256 4 105
257 6 212
258 2 50
259 3 136
260 3 92
261 5 138
262 6 427
263 3 141
264 3 39
265 2 71
266 6 230
267 6 174
268 5 110
269 4 89
270 7 183
271 1 26
272 19 407
273 3 96
274 5 228
275 4 101
276 5 203
277 9 227
278 4 119
279 6 86
280 3 121
281 2 39
282 9 201
283 5 169
284 3 88
285 1 49
286 1 25
287 4 128
288 5 170
289 6 220
290 5 112
291 2 52
292 6 234
293 5 106
294 6 239
295 5 94
296 6 211
297 3 135
298 1 38
299 3 128
300 7 222
301 2 49
302 6 121
303 2 64
304 6 259
305 5 132
306 5 135
307 4 122
308 5 157
309 5 165
310 8 143
311 5 164
312 2 51
313 3 56
314 6 151
315 10 453
316 2 88
317 5 196
318 4 128
319 3 105
320 1 11
321 2 81
322 2 39
323 2 65
324 3 55
325 5 210
326 1 28
327 3 72
328 4 246
329 15 615
330 3 94
331 2 74
332 8 172
333 3 50
334 4 214
335 4 77
336 2 61
337 2 78
338 5 129
339 2 34
340 3 43
341 7 221
342 6 219
343 3 89
344 6 361
345 3 120
346 5 167
347 4 111
348 4 128
349 6 202
350 5 70
351 3 108
352 4 186
353 5 144
354 3 101
355 4 77
356 3 69
357 7 163
358 3 73
359 3 90
360 4 136
361 2 51
362 1 51
363 7 228
364 8 344
365 3 162
366 4 159
367 3 81
368 4 132
369 6 209
370 3 177
371 5 131
372 2 85
373 7 293
374 2 98
375 7 237
376 2 81
377 5 132
378 3 61
379 4 124
380 3 100
381 4 218
382 2 26
383 4 100
384 2 41
385 1 48
386 3 73
387 3 48
388 4 142
389 3 51
390 3 108
391 5 101
392 6 72
393 2 43
394 2 49
395 7 223
396 2 56
397 4 103
398 2 45
399 3 47
400 3 54
401 7 302
402 5 108
403 2 105
404 8 158
405 2 18
406 6 208
407 2 48
408 2 55
409 2 73
410 4 149
411 4 73
412 3 88
413 3 109
414 4 197
415 2 100
416 5 233
417 8 442
418 2 50
419 5 110
420 7 132
421 4 135
422 3 91
423 10 271
424 4 85
425 4 101
426 5 130
427 17 173
428 3 152
429 1 33
430 2 32
431 4 131
432 8 174
433 14 358
434 5 212
435 6 161
436 2 47
437 2 57
438 2 49
439 6 165
440 3 80
441 5 246
442 7 187
443 4 191
444 3 84
445 3 83
446 3 127
447 5 115
448 2 123
449 3 84
450 3 66
451 2 62
452 6 336
453 6 195
454 6 176
455 5 178
456 5 226
457 3 112
458 7 212
459 7 256
460 2 99
461 4 87
462 5 130
463 3 89
464 7 156
465 2 95
466 6 213
467 4 171
468 3 103
469 3 86
470 4 83
471 1 1
472 4 108
473 4 105
474 5 149
475 3 104
476 7 211
477 5 128
478 3 54
479 5 147
480 2 77
481 2 82
482 2 48
483 2 27
484 8 261
485 2 37
486 8 211
487 5 95
488 4 109
489 2 104
490 4 77
491 4 109
492 3 49
493 6 256
494 5 136
495 2 83
496 3 101
497 3 131
498 6 144
499 7 371
500 3 96
501 2 41
502 2 36
503 3 92
504 7 180
505 4 73
506 3 109
507 1 22
508 4 113
509 3 35
510 2 51
511 7 133
512 3 58
513 2 84
514 2 79
515 4 112
516 2 71
517 3 68
518 4 185
519 8 141
520 7 198
521 3 126
522 8 338
523 5 153
524 3 49
525 3 96
526 5 96
527 3 82
528 4 107
529 8 242
530 3 111
531 4 124
532 2 34
533 1 25
534 2 67
535 3 99
536 6 266
537 2 69
538 4 156
539 2 54
540 5 189
541 5 179
542 5 189
543 5 67
544 2 80
545 3 74
546 3 110
547 3 116
548 7 292
549 2 59
550 4 105
551 2 35
552 4 200
553 6 168
554 6 131
555 6 133
556 3 152
557 3 107
558 4 100
559 2 78
560 8 212
561 6 201
562 5 208
563 7 253
564 7 209
565 5 197
566 5 146
567 5 149
568 3 105
569 7 228
570 3 73
571 7 186
572 5 342
573 5 146
574 6 166
575 5 248
576 12 396
577 3 79
578 2 42
579 6 178
580 3 134
581 4 81
582 3 83
583 2 125
584 4 117
585 3 104
586 2 85
587 2 103
588 11 260
589 12 218
590 2 51
591 2 49
592 2 61
593 9 167
594 2 51
595 9 212
596 3 91
597 2 61
598 2 49
599 9 244
600 7 161
601 3 226
602 3 116
603 6 190
604 5 106
605 5 134
606 4 146
607 2 39
608 4 120
609 2 52
610 6 139
611 4 142
612 3 87
613 3 107
614 4 187
615 3 75
616 3 119
617 3 79
618 3 125
619 1 28
620 7 201
621 3 83
622 7 180
623 6 201
624 5 202
625 7 300
626 6 162
627 5 132
628 9 199
629 4 107
630 4 121
631 2 49
632 2 60
633 3 77
634 4 103
635 6 160
636 9 194
637 5 90
638 7 195
639 4 74
640 7 339
641 6 109
642 3 64
643 4 107
644 5 165
645 3 133
646 7 230
647 2 54
648 2 86
649 5 237
650 2 55
651 7 161
652 3 72
653 5 133
654 3 88
655 3 68
656 5 231
657 5 93
658 9 238
659 5 132
660 9 267
661 6 174
662 6 292
663 2 110
664 2 58
665 3 120
666 3 134
667 7 220
668 4 95
669 3 78
670 1 29
671 3 108
672 2 67
673 26 362
674 3 95
675 5 232
676 3 61
677 6 262
678 4 86
679 5 166
680 3 124
681 3 111
682 5 172
683 7 231
684 3 52
685 7 245
686 6 186
687 3 75
688 9 207
689 10 217
690 4 99
691 3 82
692 7 181
693 4 155
694 6 139
695 16 316
696 9 237
697 6 150
698 5 144
699 9 177
700 3 88
701 9 222
702 6 131
703 4 77
704 6 300
705 8 190
706 4 85
707 6 199
708 2 46
709 4 159
710 17 240
711 4 106
712 9 268
713 4 116
714 2 97
715 3 89
716 3 81
717 8 303
718 3 142
719 5 152
720 5 161
721 13 475
722 4 165
723 3 117
724 6 138
725 3 89
726 3 109
727 5 161
728 1 51
729 4 134
730 9 246
731 10 246
732 6 163
733 6 179
734 6 202
735 2 40
736 4 84
737 5 84
738 6 123
739 9 306
740 4 190
741 3 77
742 4 89
743 4 111
744 4 110
745 2 56
746 3 127
747 4 113
748 6 123
749 5 123
750 3 75
751 2 45
752 4 100
753 9 199
754 3 141
755 4 92
756 5 144
757 13 298
758 3 107
759 4 165
760 4 149
761 3 70
762 5 144
763 4 80
764 6 139
765 3 125
766 10 209
767 6 249
768 3 66
769 3 75
770 4 124
771 3 93
772 3 93
773 6 246
774 3 45
775 7 84
776 1 46
777 5 139
778 2 49
779 7 173
780 4 75
781 6 193
782 5 196
783 4 115
784 4 170
785 5 142
786 8 211
787 6 157
788 4 203
789 3 71
790 5 181
791 2 61
792 5 407
793 4 113
794 7 254
795 1 38
796 5 146
797 7 294
798 12 623
799 7 215
800 5 135
801 7 182
802 3 115
803 6 122
804 5 143
805 5 182
806 7 233
807 3 78
808 4 146
809 3 83
810 4 176
811 11 298
812 6 142
813 4 117
814 5 187
815 5 203
816 6 130
817 5 75
818 3 109
819 4 85
820 15 249
821 4 68
822 5 205
823 3 91
824 3 160
825 5 223
826 9 328
827 9 327
828 6 217
829 3 153
830 5 176
831 4 84
832 3 38
833 2 65
834 2 39
835 2 53
836 3 103
837 7 195
838 4 67
839 6 141
840 4 80
841 2 52
842 3 51
843 4 152
844 5 203
845 8 220
846 8 199
847 2 87
848 3 50
849 3 85
850 3 67
851 4 110
852 3 130
853 2 40
854 1 28
855 2 49
856 14 228
857 12 185
858 7 150
859 10 212
860 3 88
861 3 75
862 2 47
863 3 90
864 3 35
865 3 104
866 3 96
867 3 118
868 3 78
869 9 272
870 8 107
871 3 56
872 5 187
873 3 144
874 13 300
875 2 35
876 5 162
877 3 52
878 5 83
879 2 26
880 2 60
881 3 141
882 2 44
883 3 101
884 3 58
885 5 68
886 4 61
887 4 86
888 5 93
889 6 265
890 7 126
891 6 152
892 2 76
893 3 104
894 6 203
895 4 93
896 2 85
897 3 94
898 2 36
899 7 157
900 3 68
901 3 118
902 6 203
903 6 230
904 6 152
905 2 73
906 2 54
907 5 187
908 8 181
909 2 61
910 2 35
911 4 91
912 4 139
913 5 105
914 6 177
915 2 67
916 4 154
917 5 301
918 2 92
919 5 128
920 1 30
921 6 173
922 2 100
923 5 139
924 6 167
925 2 52
926 6 114
927 11 409
928 6 405
929 4 150
930 6 120
931 3 43
932 3 58
933 5 254
934 4 188
935 2 47
936 8 133
937 4 120
938 1 46
939 2 92
940 2 91
941 5 87
942 6 120
943 6 140
944 3 98
945 2 81
946 8 288
947 7 280
948 6 153
949 4 100
950 4 74
951 3 86
952 3 95
953 3 49
954 3 71
955 3 70
956 5 104
957 4 82
958 4 97
959 7 169
960 4 136
961 4 148
962 8 399
963 1 41
964 3 123
965 4 78
966 9 225
967 3 121
968 7 141
969 3 86
970 8 140
971 7 122
972 6 151
973 3 73
974 8 191
975 4 175
976 11 357
977 7 224
978 2 61
979 3 114
980 7 180
981 3 98
982 6 143
983 2 71
984 4 108
985 3 113
986 11 240
987 8 231
988 1 75
989 6 185
990 7 156
991 11 215
992 10 299
993 9 169
994 8 154
995 1 1
996 11 251
997 16 176
998 6 122
999 8 170
1000 3 168
1001 5 102
1002 4 158
1003 4 136
1004 3 117
1005 3 105
1006 2 76
1007 5 158
1008 6 74
1009 6 148
1010 6 126
1011 3 54
1012 4 119
1013 5 114
1014 3 50
1015 6 140
1016 3 67
1017 6 143
1018 5 117
1019 7 228
1020 4 114
1021 3 51
1022 3 54
1023 2 59
1024 6 192
1025 5 171
1026 3 51
1027 4 85
1028 8 176
1029 3 61
1030 2 40
1031 3 102
1032 6 95
1033 5 90
1034 8 183
1035 10 266
1036 2 86
1037 3 74
1038 3 81
1039 9 272
1040 12 483
1041 6 102
1042 3 74
1043 5 157
1044 6 129
1045 1 17
1046 5 75
1047 7 397
1048 2 38
1049 3 66
1050 3 58
1051 6 180
1052 5 90
1053 5 165
1054 3 94
1055 2 98
1056 5 207
1057 6 137
1058 3 80
1059 5 196
1060 2 47
1061 4 267
1062 2 76
1063 2 64
1064 6 147
1065 3 111
1066 9 294
1067 2 45
1068 4 125
1069 2 45
1070 6 85
1071 4 88
1072 7 366
1073 2 40
1074 3 139
1075 8 183
1076 2 76
1077 4 88
1078 7 124
1079 2 82
1080 3 95
1081 5 93
1082 6 247
1083 3 63
1084 2 43
1085 3 64
1086 3 62
1087 7 110
1088 4 166
1089 5 117
1090 2 41
1091 5 90
1092 7 249
1093 4 87
1094 5 138
1095 9 171
1096 2 60
1097 7 221
1098 5 139
1099 3 63
1100 4 110
1101 3 81
1102 2 39
1103 2 73
1104 8 283
1105 3 97
1106 4 121
1107 8 189
1108 8 247
1109 4 115
1110 3 162
1111 3 43
1112 6 120
1113 4 145
1114 6 185
1115 6 142
1116 3 67
1117 3 120
1118 3 74
1119 8 276
1120 5 77
1121 5 111
1122 4 179
1123 2 83
1124 3 64
1125 5 151
1126 2 77
1127 5 188
1128 4 114
1129 5 109
1130 5 104
1131 5 94
1132 2 70
1133 2 46
1134 8 270
1135 3 107
1136 4 151
1137 5 230
1138 2 57
1139 6 95
1140 1 37
1141 3 59
1142 3 45
1143 4 96
1144 8 297
1145 5 86
1146 1 36
1147 11 430
1148 3 70
1149 8 194
1150 2 73
1151 3 123
1152 2 25
1153 4 135
1154 9 232
1155 3 105
1156 6 161
1157 7 190
1158 2 66
1159 2 78
1160 7 103
1161 3 102
1162 3 112
1163 5 146
1164 6 234
1165 3 149
1166 10 175
1167 4 167
1168 4 106
1169 4 150
1170 5 93
1171 2 56
1172 5 154
1173 4 135
1174 3 62
1175 13 271
1176 2 36
1177 4 97
1178 5 95
1179 4 191
1180 3 140
1181 5 131
1182 7 197
1183 3 126
1184 7 190
1185 4 133
1186 4 114
1187 6 105
1188 4 144
1189 3 102
1190 3 102
1191 4 115
1192 3 106
1193 6 133
1194 4 147
1195 16 243
1196 4 94
1197 4 130
1198 4 261
1199 4 223
1200 3 147
1201 13 551
1202 5 271
1203 9 192
1204 5 271
1205 6 193
1206 3 120
1207 6 167
1208 3 95
1209 8 263
1210 3 112
1211 3 117
1212 8 225
1213 8 196
1214 5 165
1215 3 115
1216 4 188
1217 3 105
1218 5 230
1219 3 112
1220 6 203
1221 2 85
1222 4 175
1223 4 75
1224 4 231
1225 7 258
1226 8 243
1227 2 73
1228 4 98
1229 9 257
1230 6 159
1231 5 161
1232 4 101
1233 3 98
1234 2 62
1235 6 270
1236 2 70
1237 4 101
1238 4 157
1239 16 406
1240 4 171
1241 3 149
1242 5 224
1243 3 98
1244 12 397
1245 8 156
1246 6 241
1247 7 147
1248 8 358
1249 2 65
1250 5 237
1251 6 187
1252 6 201
1253 3 66
1254 2 114
1255 5 159
1256 2 50
1257 4 137
1258 5 148
1259 4 140
1260 2 89
1261 5 241
1262 3 103
1263 6 256
1264 8 197
1265 7 159
1266 3 44
1267 2 57
1268 9 347
1269 3 58
1270 4 122
1271 8 292
1272 3 81
1273 5 154
1274 7 214
1275 5 91
1276 2 33
1277 7 257
1278 5 166
1279 4 157
1280 7 238
1281 5 196
1282 4 151
1283 2 70
1284 6 132
1285 2 43
1286 4 84
1287 2 88
1288 2 102
1289 6 200
1290 7 164
1291 11 242
1292 5 225
1293 1 44
1294 3 169
1295 5 147
1296 4 168
1297 3 121
1298 3 104
1299 2 54
1300 9 268
1301 4 170
1302 5 190
1303 7 214
1304 5 150
1305 2 51
1306 2 37
1307 5 225
1308 2 81
1309 4 210
1310 5 272
1311 2 51
1312 3 88
1313 19 634
1314 4 60
1315 6 129
1316 6 207
1317 2 39
1318 4 61
1319 9 221
1320 4 185
1321 8 243
1322 5 218
1323 2 90
1324 3 139
1325 9 303
1326 4 126
1327 4 138
1328 7 198
1329 5 157
1330 10 188
1331 3 69
1332 4 110
1333 5 230
1334 4 125
1335 4 189
1336 5 166
1337 4 147
1338 6 144
1339 4 181
1340 5 96
1341 8 177
1342 6 272
1343 5 233
1344 9 168
1345 3 110
1346 4 115
1347 10 224
1348 3 64
1349 3 161
1350 4 97
1351 9 248
1352 11 207
1353 4 115
1354 4 130
1355 5 181
1356 10 278
1357 1 35
1358 1 30
1359 4 57
1360 3 109
1361 4 136
1362 3 125
1363 5 142
1364 7 196
1365 3 129
1366 4 165
1367 2 48
1368 3 75
1369 2 64
1370 9 234
1371 9 167
1372 4 169
1373 8 271
1374 2 114
1375 9 289
1376 4 73
1377 2 87
1378 3 68
1379 3 97
1380 11 283
1381 11 249
1382 9 288
1383 7 217
1384 4 142
1385 4 162
1386 6 199
1387 5 204
1388 2 75
1389 4 120
1390 3 154
1391 7 202
1392 9 291
1393 5 159
1394 3 110
1395 2 45
1396 3 94
1397 3 63
1398 10 196
1399 3 71
1400 4 87
